0, 290,15, 290
15, 290,28, 291
0, 123,72, 130
0, 35,97, 49
7, 500,9, 499
9, 499,26, 499
26, 499,31, 500
18, 491,19, 451
19, 451,21, 413
21, 413,22, 411
22, 411,27, 334
27, 334,26, 332
26, 332,28, 291
28, 291,29, 284
29, 284,30, 281
30, 281,33, 278
33, 278,36, 276
36, 276,40, 275
40, 275,47, 272
47, 272,53, 268
53, 268,57, 262
57, 262,61, 257
61, 257,63, 252
63, 252,64, 248
64, 248,66, 218
66, 218,67, 215
67, 215,66, 212
66, 212,64, 205
64, 205,71, 133
71, 133,72, 130
28, 291,53, 293
53, 293,82, 295
38, 415,82, 418
72, 130,97, 49
82, 295,87, 261
87, 261,91, 252
82, 295,83, 295
83, 295,84, 295
82, 418,87, 349
82, 418,114, 420
84, 295,64, 343
64, 343,67, 348
67, 348,87, 349
84, 295,103, 296
103, 296,122, 298
84, 497,85, 500
87, 349,119, 351
91, 252,97, 237
97, 237,102, 231
102, 231,120, 230
91, 252,102, 252
97, 49,101, 49
101, 49,105, 49
105, 49,109, 50
109, 50,117, 51
117, 51,118, 51
118, 51,118, 53
118, 53,115, 103
115, 103,115, 107
115, 107,122, 135
102, 252,119, 252
119, 252,120, 242
102, 252,106, 242
106, 242,120, 242
114, 420,116, 393
114, 420,144, 421
116, 393,117, 379
116, 393,124, 394
117, 379,124, 379
117, 379,118, 359
118, 359,119, 351
118, 359,124, 359
119, 351,120, 339
120, 339,125, 339
120, 339,122, 298
120, 242,120, 230
120, 230,124, 230
124, 230,127, 231
122, 135,131, 135
131, 135,133, 137
133, 137,189, 142
122, 135,122, 140
122, 140,126, 163
126, 163,126, 205
126, 205,126, 206
126, 206,126, 229
126, 229,127, 231
122, 298,142, 299
142, 299,147, 299
124, 394,124, 389
124, 394,144, 395
124, 379,124, 382
124, 382,124, 386
124, 379,135, 380
124, 379,124, 373
124, 389,124, 386
124, 389,134, 389
124, 373,124, 369
124, 373,140, 374
124, 386,135, 386
124, 369,124, 364
124, 369,141, 370
124, 364,124, 359
124, 364,141, 365
124, 359,125, 339
124, 359,138, 360
125, 339,139, 340
127, 231,128, 231
128, 231,149, 230
149, 230,151, 230
151, 230,180, 229
134, 389,144, 390
134, 389,135, 386
135, 386,135, 380
135, 380,140, 380
138, 360,138, 355
138, 360,141, 360
138, 355,169, 357
138, 355,138, 350
138, 350,138, 346
138, 350,169, 352
138, 346,169, 348
138, 346,139, 340
139, 340,169, 342
140, 380,140, 374
140, 380,147, 381
140, 374,141, 370
141, 370,141, 365
141, 365,141, 360
141, 360,168, 362
144, 421,164, 422
144, 421,135, 472
135, 472,159, 473
144, 395,166, 396
144, 395,144, 390
144, 390,147, 390
147, 390,166, 391
147, 390,147, 387
147, 387,166, 388
147, 387,147, 381
147, 381,167, 382
147, 299,149, 279
147, 299,160, 300
160, 300,172, 301
149, 279,151, 252
151, 252,167, 247
167, 247,178, 248
149, 279,174, 281
157, 500,157, 497
157, 497,159, 473
157, 497,211, 500
156, 0,202, 7
159, 473,215, 477
159, 473,162, 448
162, 448,164, 422
162, 448,218, 451
164, 422,222, 426
164, 422,165, 409
165, 409,166, 396
165, 409,205, 411
166, 396,205, 398
166, 396,166, 391
166, 391,166, 388
166, 388,167, 382
167, 382,222, 385
167, 382,168, 362
168, 362,223, 367
168, 362,169, 357
169, 357,169, 352
169, 352,169, 348
169, 348,169, 342
169, 342,223, 349
169, 342,172, 301
172, 301,174, 281
172, 301,197, 303
197, 303,220, 304
174, 281,185, 282
174, 281,178, 248
178, 248,180, 229
178, 248,188, 249
180, 229,180, 227
180, 227,180, 224
180, 224,183, 200
180, 229,190, 229
183, 200,231, 205
183, 200,187, 156
185, 282,185, 276
185, 282,221, 284
185, 276,187, 268
185, 276,222, 279
187, 268,187, 259
187, 268,222, 270
187, 156,189, 142
187, 156,235, 160
187, 259,188, 249
187, 259,223, 261
188, 249,189, 240
188, 249,223, 252
189, 142,200, 28
189, 142,258, 149
189, 240,224, 242
189, 240,190, 229
190, 229,219, 230
219, 230,224, 231
200, 28,202, 7
200, 28,209, 28
202, 7,270, 15
205, 411,205, 398
205, 411,212, 411
205, 398,213, 399
209, 28,210, 17
210, 17,241, 19
209, 28,239, 31
212, 500,211, 500
211, 500,212, 499
212, 499,213, 489
212, 411,213, 399
212, 411,222, 412
213, 399,222, 399
213, 489,215, 477
213, 489,257, 492
215, 477,256, 479
215, 477,217, 463
217, 463,256, 466
217, 463,218, 451
218, 451,256, 453
218, 451,220, 439
220, 439,257, 441
220, 439,222, 426
220, 304,222, 304
222, 304,224, 304
220, 304,221, 284
221, 284,259, 286
221, 284,222, 279
222, 426,222, 412
222, 426,255, 427
222, 279,222, 270
222, 279,259, 281
222, 412,255, 413
222, 412,222, 399
222, 270,223, 261
222, 270,259, 273
222, 399,222, 385
222, 399,255, 401
222, 385,223, 367
222, 385,256, 387
223, 261,223, 252
223, 261,225, 261
225, 261,260, 264
223, 367,223, 349
223, 367,258, 370
223, 349,258, 354
223, 349,224, 304
223, 252,224, 242
223, 252,260, 254
224, 242,260, 244
224, 242,224, 231
224, 304,237, 305
237, 305,259, 307
224, 231,260, 237
260, 237,260, 244
231, 211,231, 205
231, 211,230, 223
230, 223,257, 225
257, 225,258, 213
231, 211,258, 213
231, 205,232, 201
232, 201,258, 203
232, 201,233, 189
233, 189,234, 179
233, 189,259, 191
234, 179,234, 170
234, 179,259, 182
234, 170,259, 172
234, 170,235, 160
235, 160,259, 162
239, 31,241, 19
239, 31,268, 34
268, 34,269, 22
241, 19,269, 22
255, 413,255, 422
255, 422,255, 423
255, 423,255, 427
255, 413,255, 401
255, 427,257, 427
255, 401,255, 392
255, 392,256, 387
256, 479,257, 492
256, 479,256, 466
256, 387,258, 385
258, 385,258, 370
256, 466,256, 453
256, 453,257, 441
257, 441,257, 427
257, 492,258, 500
257, 427,262, 426
258, 213,258, 203
258, 370,258, 354
258, 203,259, 191
258, 354,259, 307
258, 149,268, 150
258, 149,259, 162
259, 191,259, 182
259, 162,259, 172
259, 182,259, 172
259, 307,259, 286
259, 307,261, 307
261, 307,264, 307
259, 281,259, 286
259, 281,259, 273
259, 273,260, 264
260, 264,260, 254
260, 254,260, 244
261, 452,261, 450
261, 450,261, 435
261, 435,262, 426
261, 452,272, 453
261, 452,263, 460
263, 460,262, 479
262, 479,268, 480
262, 426,262, 421
262, 421,267, 413
262, 426,276, 428
262, 388,263, 395
263, 395,267, 413
262, 388,263, 371
262, 388,281, 390
263, 371,283, 374
263, 371,263, 355
263, 355,263, 341
263, 355,286, 358
263, 341,264, 328
263, 341,288, 343
264, 328,264, 307
264, 328,290, 330
264, 307,279, 308
279, 308,293, 309
264, 307,265, 287
264, 493,288, 497
265, 287,295, 289
265, 287,265, 271
265, 271,298, 274
265, 271,266, 243
266, 243,301, 247
266, 243,266, 223
266, 223,304, 228
266, 223,266, 208
266, 208,267, 192
266, 208,306, 213
267, 192,267, 174
267, 192,271, 193
267, 174,267, 163
267, 174,274, 175
267, 163,275, 164
267, 163,268, 150
267, 413,278, 414
268, 150,277, 151
268, 480,290, 483
268, 480,272, 453
269, 22,270, 15
270, 15,278, 16
278, 16,284, 16
284, 16,355, 25
271, 193,274, 175
271, 193,288, 195
272, 453,276, 428
272, 453,294, 456
274, 175,275, 164
274, 175,290, 178
275, 164,277, 151
275, 164,292, 166
276, 428,297, 431
276, 428,278, 414
277, 151,314, 155
277, 151,281, 112
278, 414,299, 417
278, 414,281, 390
281, 78,281, 73
281, 73,286, 66
286, 66,286, 64
281, 78,277, 111
277, 111,281, 112
281, 78,324, 84
281, 390,303, 393
281, 390,283, 374
281, 112,319, 117
283, 374,286, 358
286, 358,288, 343
286, 358,307, 361
286, 26,287, 37
287, 37,289, 53
289, 53,288, 56
288, 56,288, 59
288, 59,286, 64
286, 64,308, 67
288, 500,288, 498
288, 498,288, 497
288, 343,290, 330
288, 195,290, 178
288, 195,308, 198
288, 497,289, 493
289, 493,289, 488
289, 488,290, 486
290, 486,290, 483
289, 488,311, 489
290, 330,293, 309
290, 330,311, 331
290, 483,291, 473
291, 473,293, 460
290, 178,292, 166
292, 166,312, 169
293, 309,305, 310
305, 310,315, 311
293, 309,295, 289
293, 460,293, 458
293, 458,294, 456
293, 460,315, 461
294, 456,295, 444
295, 444,297, 431
295, 289,298, 274
295, 289,317, 290
297, 431,298, 425
298, 425,299, 417
297, 431,319, 433
298, 274,301, 247
299, 417,301, 405
301, 405,303, 393
301, 247,303, 236
303, 393,306, 372
306, 372,307, 361
303, 393,309, 393
309, 393,325, 394
303, 236,304, 232
303, 236,324, 239
304, 232,325, 235
304, 232,304, 228
304, 228,306, 213
306, 213,308, 198
307, 361,310, 344
310, 344,311, 331
307, 361,330, 360
308, 67,326, 70
308, 67,311, 45
308, 198,330, 201
308, 198,312, 169
309, 500,311, 489
311, 489,352, 492
311, 489,313, 475
311, 331,312, 330
312, 330,312, 329
312, 329,313, 321
313, 321,315, 311
312, 329,334, 325
312, 169,314, 155
313, 475,315, 461
313, 475,354, 478
314, 155,319, 117
314, 155,336, 157
315, 311,316, 301
316, 301,317, 293
315, 311,326, 309
326, 309,337, 307
315, 461,319, 433
315, 461,356, 464
317, 293,339, 289
317, 293,317, 291
317, 291,317, 290
317, 290,321, 265
321, 265,324, 239
319, 433,360, 435
319, 433,321, 420
319, 117,341, 120
319, 117,324, 84
321, 420,323, 407
321, 420,362, 422
323, 407,363, 410
323, 407,325, 394
324, 84,326, 70
324, 239,325, 237
325, 237,325, 235
325, 394,365, 397
325, 394,327, 377
325, 235,326, 227
326, 227,327, 219
326, 70,348, 73
327, 377,368, 377
327, 377,330, 360
327, 219,329, 210
329, 210,330, 201
327, 219,349, 222
330, 360,332, 343
330, 360,370, 359
330, 201,333, 178
333, 178,336, 157
332, 343,373, 339
332, 343,334, 325
334, 325,376, 319
334, 325,337, 307
336, 157,340, 133
340, 133,341, 120
337, 307,339, 289
337, 307,357, 304
357, 304,379, 301
339, 289,381, 283
339, 289,346, 241
341, 120,344, 99
344, 99,348, 73
346, 241,347, 238
347, 238,349, 222
346, 241,386, 244
348, 73,351, 49
351, 49,355, 25
349, 222,368, 224
368, 224,388, 226
352, 500,352, 492
352, 492,354, 478
354, 478,356, 464
354, 478,380, 476
380, 476,412, 481
355, 25,357, 11
357, 11,358, 1
353, 500,412, 491
356, 464,358, 450
356, 464,373, 465
358, 450,374, 451
358, 450,360, 435
358, 1,507, 20
358, 1,358, 0
360, 435,362, 422
360, 435,375, 436
362, 422,417, 426
362, 422,363, 410
363, 410,365, 397
363, 410,418, 414
365, 397,419, 401
365, 397,367, 384
367, 384,368, 377
367, 384,420, 385
368, 377,369, 371
369, 371,421, 371
369, 371,370, 359
370, 359,423, 357
370, 359,372, 345
372, 345,424, 341
372, 345,373, 339
373, 339,374, 332
373, 465,374, 451
373, 465,413, 467
374, 332,425, 326
374, 332,376, 319
374, 451,375, 436
375, 436,416, 438
376, 319,378, 305
378, 305,379, 301
376, 319,427, 311
379, 301,402, 297
402, 297,429, 293
379, 301,381, 283
381, 283,431, 275
381, 283,386, 244
386, 244,387, 236
386, 244,389, 244
389, 244,433, 247
387, 236,405, 237
387, 236,388, 226
388, 226,406, 227
405, 237,428, 239
405, 237,406, 227
406, 227,428, 229
412, 491,412, 481
412, 491,461, 483
461, 483,463, 482
412, 481,413, 467
413, 467,415, 467
415, 467,463, 463
413, 467,414, 453
414, 453,416, 438
414, 453,463, 449
416, 438,464, 434
416, 438,417, 426
417, 426,464, 422
417, 426,418, 414
418, 414,419, 401
418, 414,464, 410
419, 401,442, 398
419, 401,420, 385
420, 385,421, 371
421, 371,440, 370
421, 371,423, 357
423, 357,424, 341
423, 357,466, 353
424, 341,425, 326
424, 341,466, 337
425, 326,467, 321
425, 326,427, 311
423, 500,446, 497
446, 497,561, 478
561, 478,581, 475
427, 311,467, 305
427, 311,429, 293
428, 239,446, 241
446, 241,446, 231
428, 239,428, 229
428, 229,446, 231
429, 293,449, 290
449, 290,467, 287
429, 293,431, 275
431, 275,468, 269
431, 275,433, 247
433, 247,435, 247
435, 247,460, 249
439, 0,440, 4
440, 370,465, 368
440, 370,441, 384
440, 4,442, 9
440, 4,458, 6
458, 6,465, 0
441, 384,442, 398
441, 384,465, 382
442, 398,465, 396
446, 231,466, 233
460, 249,468, 250
460, 249,463, 248
463, 248,464, 248
464, 248,466, 233
463, 482,463, 463
463, 482,465, 482
465, 482,512, 474
463, 463,463, 449
463, 463,511, 459
463, 449,464, 434
463, 449,511, 445
464, 434,464, 422
464, 434,510, 431
464, 422,464, 410
464, 422,509, 418
464, 410,465, 396
464, 410,508, 406
465, 396,508, 393
465, 396,465, 382
465, 382,507, 378
465, 382,465, 368
465, 368,466, 353
465, 368,506, 365
466, 233,474, 234
466, 353,506, 350
466, 353,466, 337
466, 337,467, 321
467, 321,467, 305
467, 305,503, 299
467, 305,467, 287
467, 287,468, 269
467, 287,483, 285
483, 285,502, 282
468, 269,468, 269
468, 269,540, 257
468, 269,468, 250
468, 250,473, 250
473, 250,540, 255
473, 250,473, 248
473, 248,474, 234
474, 234,529, 239
529, 239,554, 240
554, 240,617, 244
617, 244,619, 244
502, 282,503, 299
502, 282,521, 279
521, 279,542, 276
503, 299,542, 293
503, 299,506, 350
504, 0,505, 6
505, 6,507, 13
507, 13,507, 20
505, 6,540, 7
506, 350,547, 345
506, 350,506, 365
506, 365,507, 378
506, 365,548, 359
507, 20,523, 22
523, 22,542, 24
542, 24,553, 25
553, 25,575, 25
575, 25,626, 23
507, 378,508, 393
507, 378,549, 372
508, 393,508, 406
508, 393,550, 387
508, 406,509, 418
509, 418,510, 431
510, 431,511, 445
510, 431,553, 427
511, 445,554, 442
511, 445,511, 459
511, 459,512, 474
512, 474,556, 468
540, 255,575, 258
540, 255,540, 257
540, 7,540, 17
540, 17,565, 17
540, 7,563, 8
540, 257,542, 276
542, 276,559, 273
559, 273,579, 270
542, 276,543, 291
543, 291,542, 293
542, 293,581, 287
542, 293,543, 305
543, 305,544, 316
543, 305,582, 300
544, 316,583, 312
544, 316,545, 323
545, 323,545, 332
545, 323,570, 320
570, 320,571, 328
545, 332,571, 328
545, 332,546, 343
546, 343,547, 345
547, 345,585, 339
547, 345,548, 359
548, 359,549, 372
549, 372,550, 387
550, 387,588, 381
553, 427,554, 442
553, 427,578, 425
554, 442,556, 468
556, 468,564, 467
564, 467,565, 467
565, 467,565, 472
562, 0,563, 8
563, 8,595, 6
563, 8,565, 17
565, 17,565, 23
565, 472,566, 474
566, 474,577, 474
577, 474,581, 475
565, 472,581, 472
571, 328,584, 326
575, 258,577, 256
577, 256,613, 259
613, 259,614, 260
614, 260,614, 264
575, 258,578, 258
578, 258,579, 270
578, 425,592, 424
578, 425,581, 472
579, 270,581, 287
579, 270,596, 267
596, 267,614, 264
581, 287,605, 283
581, 287,582, 300
581, 472,596, 471
581, 475,597, 474
597, 474,610, 474
610, 474,630, 474
630, 474,666, 473
582, 300,582, 308
582, 308,583, 312
582, 308,602, 305
602, 305,598, 317
598, 317,583, 320
583, 312,583, 320
583, 320,584, 326
584, 326,585, 339
585, 339,588, 381
585, 339,595, 337
588, 381,592, 424
588, 381,631, 375
592, 424,637, 420
592, 424,596, 471
595, 0,595, 6
595, 6,600, 6
600, 6,621, 4
595, 337,597, 350
595, 337,626, 333
596, 471,642, 469
597, 350,627, 345
597, 350,598, 361
598, 361,629, 357
605, 283,607, 295
605, 283,620, 281
614, 264,616, 264
616, 264,617, 264
617, 264,620, 281
617, 264,620, 264
620, 264,623, 263
619, 244,623, 263
619, 244,652, 236
620, 281,624, 281
620, 281,626, 333
620, 0,621, 4
621, 4,626, 23
623, 263,641, 260
641, 260,652, 258
652, 258,659, 255
623, 263,622, 267
622, 267,624, 281
624, 281,625, 281
625, 281,663, 275
624, 281,626, 294
626, 294,627, 302
626, 294,647, 290
647, 290,649, 299
626, 23,634, 22
634, 22,666, 15
626, 333,627, 345
626, 333,631, 332
627, 302,649, 299
627, 302,628, 313
627, 345,629, 357
628, 313,666, 307
628, 313,629, 321
629, 357,631, 375
629, 321,666, 315
629, 321,631, 332
631, 332,636, 374
631, 332,666, 327
631, 375,636, 374
631, 375,637, 420
636, 374,655, 371
636, 374,637, 384
637, 420,641, 420
637, 420,642, 469
637, 384,656, 381
637, 384,638, 393
638, 393,657, 390
638, 393,639, 401
639, 401,640, 410
639, 401,659, 399
640, 410,660, 408
640, 410,641, 420
641, 420,642, 431
641, 420,661, 417
642, 469,647, 469
642, 431,644, 442
642, 431,663, 429
644, 442,645, 454
644, 442,664, 441
644, 244,654, 242
645, 454,665, 451
645, 454,647, 469
647, 469,666, 469
648, 0,656, 14
656, 14,658, 15
658, 15,666, 13
649, 299,666, 296
652, 236,654, 242
652, 236,666, 228
654, 242,659, 255
655, 371,666, 370
655, 371,656, 381
656, 381,657, 390
656, 381,666, 380
657, 390,659, 399
657, 390,666, 389
659, 399,666, 398
659, 399,660, 408
659, 255,663, 254
663, 254,666, 253
659, 255,663, 275
660, 408,666, 407
660, 408,661, 417
661, 417,663, 429
661, 417,666, 417
663, 275,664, 274
664, 274,666, 273
663, 429,664, 441
663, 429,666, 429
664, 441,666, 440
664, 441,665, 451
665, 451,666, 451
665, 451,666, 462
353, 0,358, 1
666, 297,666, 296
666, 296,663, 275
666, 462,666, 462
666, 462,666, 465
